[0.008577724918723106, 0.394072026014328, 0.5743212103843689, 0.1509944498538971, 0.005478793755173683, 0.020221618935465813, 0.07364565134048462, 0.05458686873316765, 0.1065191850066185, 0.012452954426407814, 0.020523713901638985, 0.007948173210024834, 0.028484385460615158, 0.008803296834230423, 0.007798447273671627, 0.009099278599023819]
[0.9753987789154053, 0.04191429167985916, 0.8369442224502563, 0.06705928593873978, 0.9367265105247498, 0.14850181341171265, 0.06718996167182922, 0.0003666328848339617, 0.003524970728904009, 0.14673633873462677, 0.011911951936781406, 0.0037739360705018044, 0.03282034769654274, 0.11252174526453018, 0.010491952300071716, 0.008736447431147099]
[0.03944342955946922, 0.33969348669052124, 0.7527967691421509, 0.11112163960933685, 0.05316409096121788, 0.05141863971948624, 0.31989461183547974, 0.03103988990187645, 0.14226219058036804, 0.06188654899597168, 0.08046144992113113, 0.041284698992967606, 0.05697501823306084, 0.029890988022089005, 0.018589165061712265, 0.03142016381025314]
[0.06748490780591965, 0.5689631104469299, 0.03897629678249359, 0.7953586578369141, 0.05077649652957916, 0.09989672899246216, 0.04128991439938545, 0.2482953518629074, 0.01234212052077055, 0.02456282079219818, 0.2742788791656494, 0.14548544585704803, 0.06835391372442245, 0.031793348491191864, 0.012370518408715725, 0.016896575689315796]
[0.06726135313510895, 0.2397535890340805, 0.699108898639679, 0.12313765287399292, 0.2565997242927551, 0.014130661264061928, 0.17737875878810883, 0.08911324292421341, 0.7492579221725464, 0.6893612146377563, 0.11740877479314804, 0.0765911117196083, 0.15092997252941132, 0.021778006106615067, 0.04983033239841461, 0.14129140973091125]
[0.9779045581817627, 0.7315519452095032, 0.12189903855323792, 0.08349167555570602, 0.7154819369316101, 0.6836685538291931, 0.024862008169293404, 0.002039737068116665, 0.0006362036219798028, 0.028848567977547646, 0.013459580019116402, 0.0026897015050053596, 0.01097562164068222, 0.015503582544624805, 0.002233569510281086, 0.0033506143372505903]
[0.9961373209953308, 0.017767254263162613, 0.6371963024139404, 0.015062855556607246, 0.8045105338096619, 0.43569326400756836, 0.013778598047792912, 1.5988454833859578e-05, 6.16085235378705e-05, 0.0032895132899284363, 0.0005350933060981333, 8.293113933177665e-05, 0.0006614537560380995, 0.005383646115660667, 0.0002268942625960335, 0.0001097277709050104]
[0.6324988007545471, 0.1883171945810318, 0.15360784530639648, 0.5282580256462097, 0.39213550090789795, 0.18551315367221832, 0.08245089650154114, 0.049101293087005615, 0.05866151675581932, 0.11755486577749252, 0.07346211373806, 0.035019651055336, 0.07898233830928802, 0.06631510704755783, 0.032826170325279236, 0.03743365406990051]
[0.9974743723869324, 0.05075502023100853, 0.0008578781271353364, 0.08837966620922089, 0.9771915674209595, 0.017864227294921875, 0.0007169736782088876, 0.00019008446543011814, 3.5429020499577746e-05, 0.028724096715450287, 0.0018208494875580072, 0.00014281006588134915, 0.0015585278160870075, 0.0005693716811947525, 3.782531348406337e-05, 0.0001294338289881125]
[0.1909203976392746, 0.45522016286849976, 0.544470489025116, 0.1834232360124588, 0.3856576681137085, 0.01786866784095764, 0.0962119996547699, 0.07091663777828217, 0.03059142455458641, 0.12974312901496887, 0.14973856508731842, 0.06557529419660568, 0.045674342662096024, 0.03215837851166725, 0.00816806498914957, 0.013191327452659607]
[0.02391541376709938, 0.6010323762893677, 0.026920033618807793, 0.6372491121292114, 0.006685762666165829, 0.07773074507713318, 0.027140818536281586, 0.476862370967865, 0.03499164059758186, 0.010424347594380379, 0.1089319959282875, 0.05058297514915466, 0.0635848343372345, 0.014993718825280666, 0.009459294378757477, 0.015539227053523064]
[0.30182361602783203, 0.2773979604244232, 0.5475499033927917, 0.3558520972728729, 0.19210192561149597, 0.19836199283599854, 0.19875292479991913, 0.07427836209535599, 0.30690059065818787, 0.15142282843589783, 0.09389263391494751, 0.06236535310745239, 0.12231715023517609, 0.12701496481895447, 0.0718524307012558, 0.06889679282903671]
[0.4246079921722412, 0.6465433835983276, 0.030712446197867393, 0.09528449922800064, 0.011675895191729069, 0.46258342266082764, 0.0111157838255167, 0.03272001072764397, 0.0010886421659961343, 0.001584310200996697, 0.020803021267056465, 0.005002191755920649, 0.005585918668657541, 0.00564988050609827, 0.0010761577868834138, 0.0011100966949015856]
[0.6928780674934387, 0.43343934416770935, 0.2644716501235962, 0.1596899777650833, 0.5191969275474548, 0.07289629429578781, 0.03590318560600281, 0.009195579215884209, 0.008984804153442383, 0.13546667993068695, 0.045394010841846466, 0.016616739332675934, 0.03449006751179695, 0.021639149636030197, 0.005795683246105909, 0.009728196077048779]
[0.9050295948982239, 0.5125535726547241, 0.3002133071422577, 0.11257225275039673, 0.38072723150253296, 0.6581089496612549, 0.07726691663265228, 0.019948892295360565, 0.006540704984217882, 0.03805920481681824, 0.03814973309636116, 0.014605572447180748, 0.03729158267378807, 0.058306172490119934, 0.014919155277311802, 0.014572002924978733]
[0.06484247744083405, 0.0336768738925457, 0.055829182267189026, 0.5103110074996948, 0.004654663614928722, 0.07510451227426529, 0.012259923852980137, 0.0013448046520352364, 0.0025445506907999516, 0.0036225630901753902, 0.0023555681109428406, 0.000498662528116256, 0.003440174274146557, 0.0012892975937575102, 0.0004857064632233232, 0.0007231746567413211]
[0.8958545327186584, 0.3043910562992096, 0.6631913185119629, 0.0440426841378212, 0.5281955003738403, 0.4171871840953827, 0.17491953074932098, 0.008886318653821945, 0.0059976172633469105, 0.05924557149410248, 0.06432774662971497, 0.025190917775034904, 0.028680497780442238, 0.04736310616135597, 0.015119349583983421, 0.01332892943173647]
[0.5271027088165283, 0.028188826516270638, 0.46922576427459717, 0.3091992437839508, 0.5366975665092468, 0.00988647248595953, 0.06004966050386429, 0.002365125808864832, 0.0944887027144432, 0.49829092621803284, 0.011928226798772812, 0.0038402192294597626, 0.029441600665450096, 0.014541946351528168, 0.005579798482358456, 0.015470648184418678]
[0.0073494678363204, 0.1899123340845108, 0.4021531045436859, 0.32026243209838867, 0.009348388761281967, 0.0048633748665452, 0.07644619047641754, 0.06188912317156792, 0.057367466390132904, 0.018472174182534218, 0.060571786016225815, 0.0272211953997612, 0.06344433128833771, 0.00658143637701869, 0.005663307383656502, 0.008205346763134003]
[0.5436731576919556, 0.20182852447032928, 0.5088558793067932, 0.3663792014122009, 0.2383984476327896, 0.1337357610464096, 0.08487720042467117, 0.025310050696134567, 0.02280069701373577, 0.18649621307849884, 0.10464751720428467, 0.05079974979162216, 0.07236132025718689, 0.06851525604724884, 0.03237445652484894, 0.03784065693616867]
[0.049157820641994476, 0.7191376090049744, 0.7388704419136047, 0.047202423214912415, 0.05409547686576843, 0.09592609107494354, 0.4782661199569702, 0.238246887922287, 0.2082119733095169, 0.0727396234869957, 0.20137915015220642, 0.13112954795360565, 0.08034718036651611, 0.020461084321141243, 0.03850260004401207, 0.04088541120290756]
[0.7867475152015686, 0.7785330414772034, 0.41042521595954895, 0.03090881183743477, 0.8531655073165894, 0.14028695225715637, 0.1952533721923828, 0.14417403936386108, 0.07329284399747849, 0.6355693340301514, 0.5125955939292908, 0.3818369507789612, 0.14472298324108124, 0.07263437658548355, 0.06628957390785217, 0.12292283028364182]
[0.0876271203160286, 0.6556307673454285, 0.35371243953704834, 0.17280974984169006, 0.02489073947072029, 0.1662520319223404, 0.09099960327148438, 0.09024713933467865, 0.04339960962533951, 0.02936379611492157, 0.09119793027639389, 0.03871595859527588, 0.06907091289758682, 0.017772680148482323, 0.012043884955346584, 0.019064288586378098]
[0.6782963871955872, 0.35380515456199646, 0.167955681681633, 0.0451677031815052, 0.12130913138389587, 0.23629245162010193, 0.03022303618490696, 0.010115127079188824, 0.004325074143707752, 0.01737169921398163, 0.03325137123465538, 0.009063453413546085, 0.012344981543719769, 0.01307712122797966, 0.0020060818642377853, 0.002667661989107728]
[0.006265581119805574, 0.9079195261001587, 0.006992783863097429, 0.15621377527713776, 0.003941486589610577, 0.009550857357680798, 0.0016080476343631744, 0.04094746336340904, 0.0004296473052818328, 0.0008472439367324114, 0.035327330231666565, 0.007560954429209232, 0.0029526297003030777, 0.00032743567135185003, 9.202055662171915e-05, 0.0001805862266337499]
[0.06742667406797409, 0.3698602616786957, 0.5888993144035339, 0.12876160442829132, 0.18079759180545807, 0.006240224465727806, 0.0621938593685627, 0.01486640702933073, 0.04501217231154442, 0.10907303541898727, 0.027185456827282906, 0.0086909718811512, 0.02741103060543537, 0.0062051815912127495, 0.003605289850383997, 0.008365598507225513]
[0.7514777779579163, 0.9254027009010315, 0.9886658191680908, 0.003862695535644889, 0.7457020878791809, 0.011102395132184029, 0.01583617366850376, 0.00036781144444830716, 0.006777831818908453, 0.04254389554262161, 0.004215806256979704, 0.0008245080825872719, 0.006640225648880005, 0.005966929253190756, 0.000752871623262763, 0.0006899855798110366]
[0.29449737071990967, 0.6802692413330078, 0.403213232755661, 0.0905056744813919, 0.1781751960515976, 0.18092592060565948, 0.09869110584259033, 0.37648728489875793, 0.04270763322710991, 0.10254750400781631, 0.2463531643152237, 0.12553027272224426, 0.17425110936164856, 0.04243161156773567, 0.036229826509952545, 0.05214085802435875]
[0.10017947852611542, 0.642920732498169, 0.818539023399353, 0.03533262759447098, 0.07026234269142151, 0.1303570568561554, 0.47890806198120117, 0.09914423525333405, 0.30320999026298523, 0.1119258850812912, 0.11439818888902664, 0.07529538869857788, 0.11357340216636658, 0.048932477831840515, 0.06499940901994705, 0.07655759155750275]
[0.739479124546051, 0.0039029819890856743, 0.3682355582714081, 0.7693150043487549, 0.47349196672439575, 0.059540361166000366, 0.028128113597631454, 0.00013299119018483907, 0.0012260822113603354, 0.010253991931676865, 0.003201564308255911, 0.0008750319248065352, 0.0033371669705957174, 0.01736448146402836, 0.0008019777596928179, 0.0007042374345473945]
[0.2349587380886078, 0.7361648678779602, 0.2872668504714966, 0.13005240261554718, 0.2002383917570114, 0.15968941152095795, 0.19444790482521057, 0.43151044845581055, 0.09122253209352493, 0.13700364530086517, 0.34914278984069824, 0.2509586215019226, 0.1432851403951645, 0.05802350118756294, 0.04808586835861206, 0.07789520919322968]
[0.026629773899912834, 0.9127494096755981, 0.08115913718938828, 0.14912350475788116, 0.013822033070027828, 0.03801565617322922, 0.0356525219976902, 0.5833324193954468, 0.022635042667388916, 0.017771922051906586, 0.3080480694770813, 0.1614505648612976, 0.04935181885957718, 0.007037746254354715, 0.009302780032157898, 0.010468379594385624]
[0.05489862337708473, 0.07696161419153214, 0.9608815908432007, 0.08542606979608536, 0.05814018473029137, 0.02995624952018261, 0.46509143710136414, 0.009366441518068314, 0.6565476059913635, 0.14224940538406372, 0.018726928159594536, 0.01127677597105503, 0.10938137024641037, 0.0570620559155941, 0.07939108461141586, 0.0920381247997284]
[0.061047766357660294, 0.15237191319465637, 0.10378273576498032, 0.6495952010154724, 0.006326388567686081, 0.1225079596042633, 0.026289938017725945, 0.00696468586102128, 0.0029505793936550617, 0.0017219949513673782, 0.014756865799427032, 0.0046393307857215405, 0.0076742758974432945, 0.0050622220151126385, 0.0013605819549411535, 0.0013513885205611587]
[0.5581468343734741, 0.9073927998542786, 0.19347557425498962, 0.002069684909656644, 0.3156423270702362, 0.28036072850227356, 0.07147026807069778, 0.1127081885933876, 0.005960026755928993, 0.024008262902498245, 0.03003234602510929, 0.008264286443591118, 0.016357697546482086, 0.004482908174395561, 0.004507999401539564, 0.0067217727191746235]
[0.9657331109046936, 0.2618776261806488, 0.6683201193809509, 0.017143800854682922, 0.5813875198364258, 0.3693154752254486, 0.0392179973423481, 0.0020319190807640553, 0.004411449655890465, 0.06684115529060364, 0.014728614129126072, 0.0055445218458771706, 0.03268473222851753, 0.05808265134692192, 0.010200433433055878, 0.007290644105523825]
[0.9766175746917725, 0.6310586929321289, 0.14029385149478912, 0.0667298436164856, 0.5659342408180237, 0.867587685585022, 0.03185354545712471, 0.01668599434196949, 0.0017669717781245708, 0.01871853694319725, 0.03385273367166519, 0.01000484824180603, 0.024348272010684013, 0.07036232948303223, 0.010816049762070179, 0.012797674164175987]
[0.6033428907394409, 0.6538524031639099, 0.7251794338226318, 0.00668999133631587, 0.364818274974823, 0.06914028525352478, 0.06747293472290039, 0.0221701767295599, 0.017515316605567932, 0.03768950700759888, 0.05381741374731064, 0.016622358933091164, 0.016886644065380096, 0.011076541617512703, 0.003594637382775545, 0.00454656733199954]
[0.9922088384628296, 0.430553138256073, 0.009815534576773643, 0.14741477370262146, 0.8772827386856079, 0.09810397773981094, 0.002040459308773279, 0.00033030856866389513, 0.00021688498964067549, 0.01870732754468918, 0.0045563168823719025, 0.0007242219289764762, 0.002892865100875497, 0.005027686711400747, 0.00021921387815382332, 0.0003809325862675905]
[0.9987657070159912, 0.05323668196797371, 0.0016405796632170677, 0.14476871490478516, 0.9813345670700073, 0.044220853596925735, 0.0008107410394586623, 0.00013868215319234878, 3.098119850619696e-05, 0.024878783151507378, 0.0016597866779193282, 0.00015122942568268627, 0.0018957025604322553, 0.0014641950838267803, 7.703487790422514e-05, 0.00015849771443754435]
[0.4922292232513428, 0.022687938064336777, 0.39210593700408936, 0.4474271833896637, 0.3511146008968353, 0.07011908292770386, 0.042450156062841415, 0.0008669217932038009, 0.0018578333547338843, 0.008119115605950356, 0.0052604079246521, 0.0014999619452282786, 0.0053098853677511215, 0.009854870848357677, 0.0009069173247553408, 0.0011267258087173104]
[0.9412122964859009, 0.8865842223167419, 0.05762677639722824, 0.008426608517765999, 0.12143100053071976, 0.47019559144973755, 0.0033951695077121258, 0.0024025363381952047, 4.806719516636804e-05, 0.0015804521972313523, 0.010088919661939144, 0.0013668270548805594, 0.001957637257874012, 0.0020099394023418427, 0.000215706808376126, 0.0002526488096918911]
[0.9472557306289673, 0.7235463857650757, 0.7677994966506958, 0.021034197881817818, 0.8709123730659485, 0.1588345319032669, 0.08575324714183807, 0.005114012863487005, 0.00930202566087246, 0.1569521725177765, 0.03324934095144272, 0.010631800629198551, 0.027613257989287376, 0.04387040436267853, 0.00871675182133913, 0.009613641537725925]
[0.9305078387260437, 0.32910510897636414, 0.1544109433889389, 0.012582886032760143, 0.031634774059057236, 0.9044828414916992, 0.054110556840896606, 0.009752028621733189, 0.0018391640624031425, 0.009528388269245625, 0.029161587357521057, 0.006727617233991623, 0.015545407310128212, 0.016882797703146935, 0.010514223016798496, 0.006590870674699545]
[0.0009540733299218118, 0.006058466155081987, 0.002489764243364334, 0.9982436895370483, 0.0009114705608226359, 0.0017609817441552877, 0.0005597242852672935, 0.0011895501520484686, 0.0014299843460321426, 0.0015788309974595904, 0.007352644111961126, 0.0018365407595410943, 0.00463690934702754, 0.0025502792559564114, 0.00015479806461371481, 0.00035457644844427705]
[0.7153882384300232, 0.7537840008735657, 0.3042801022529602, 0.04619595408439636, 0.8282026052474976, 0.009084646590054035, 0.02134818024933338, 0.00311008607968688, 0.0009850035421550274, 0.05258093401789665, 0.042288318276405334, 0.010539613664150238, 0.010005481541156769, 0.0037143537774682045, 0.0007823383784852922, 0.0012690990697592497]
[0.9980216026306152, 0.909366250038147, 0.25856316089630127, 0.00764323677867651, 0.961612343788147, 0.8189049959182739, 0.030866427347064018, 0.0015854706289246678, 0.00048203393816947937, 0.07062797248363495, 0.015493536368012428, 0.0027763373218476772, 0.010413599200546741, 0.013944735750555992, 0.0024068292696028948, 0.002888210117816925]
[0.8557725548744202, 0.15034009516239166, 0.07231257855892181, 0.09298191219568253, 0.11005472391843796, 0.15746958553791046, 0.023475144058465958, 0.004146304912865162, 0.0026892933528870344, 0.005414302926510572, 0.007018879987299442, 0.0019230346661061049, 0.008900356478989124, 0.00815118569880724, 0.0016792829846963286, 0.0025417564902454615]
[0.1424752026796341, 0.9662032127380371, 0.09833375364542007, 0.05704837292432785, 0.08117838203907013, 0.08452928066253662, 0.04162362590432167, 0.649135172367096, 0.030507706105709076, 0.044024087488651276, 0.338972806930542, 0.177695170044899, 0.04998685047030449, 0.00882363598793745, 0.008692989125847816, 0.012065698392689228]
[0.23545293509960175, 0.1396504044532776, 0.007340657990425825, 0.883781373500824, 0.031123710796236992, 0.10268999636173248, 0.008045523427426815, 0.007327771745622158, 0.002382043283432722, 0.005659001413732767, 0.024668129161000252, 0.006625092122703791, 0.014079888351261616, 0.00935052614659071, 0.0013959483476355672, 0.002566178096458316]
[0.06847023963928223, 0.523908793926239, 0.03660139814019203, 0.5511153936386108, 0.03625098243355751, 0.058149442076683044, 0.03963257744908333, 0.17476628720760345, 0.0075750467367470264, 0.03707505017518997, 0.35825470089912415, 0.19148245453834534, 0.04911791905760765, 0.0165764968842268, 0.007249652873724699, 0.011450064368546009]
[0.0011165145551785827, 0.03043658845126629, 0.03157827630639076, 0.9612125754356384, 0.0025846052449196577, 0.0005749069969169796, 0.003926672972738743, 0.005954644177109003, 0.014140516519546509, 0.005180887412279844, 0.007862850092351437, 0.0022952884901314974, 0.011463181115686893, 0.001651404774747789, 0.0004228804027661681, 0.0011705177603289485]
[0.000814832397736609, 0.011405202560126781, 0.4569130837917328, 0.9006713628768921, 0.0025004867929965258, 0.0026819496415555477, 0.08155223727226257, 0.007073125336319208, 0.029578348621726036, 0.01588580384850502, 0.022145306691527367, 0.011255545541644096, 0.024128463119268417, 0.003931945189833641, 0.0021753376349806786, 0.005859819240868092]
[0.9129229784011841, 0.005792506039142609, 0.9266002774238586, 0.07075293362140656, 0.7740797400474548, 0.00957588292658329, 0.03382544219493866, 4.052661461173557e-05, 0.011817524209618568, 0.14374981820583344, 0.0011684073833748698, 0.0003063163603655994, 0.00461978605017066, 0.020926978439092636, 0.0011718888999894261, 0.00155943026766181]
[0.13851885497570038, 0.023678196594119072, 0.017086278647184372, 0.843891978263855, 0.010346690192818642, 0.017081890255212784, 0.0008741165511310101, 0.0013709728373214602, 5.970932397758588e-05, 0.000788367644418031, 0.0024498910643160343, 0.0003522631013765931, 0.0011894556228071451, 0.0010339021682739258, 5.300618431647308e-05, 9.887523629004136e-05]
[0.6303161978721619, 0.0572625994682312, 0.8312082886695862, 0.11578433215618134, 0.4543195068836212, 0.1484605371952057, 0.47790658473968506, 0.012484420090913773, 0.05201219394803047, 0.19092348217964172, 0.0466189831495285, 0.026511594653129578, 0.04622647538781166, 0.1155230849981308, 0.032225947827100754, 0.03359455242753029]
[0.950920820236206, 0.3041326403617859, 0.22453957796096802, 0.0932348370552063, 0.9583340287208557, 0.07514907419681549, 0.08050540089607239, 0.028082862496376038, 0.038566067814826965, 0.7730787396430969, 0.16221022605895996, 0.06800458580255508, 0.09506694227457047, 0.06627529114484787, 0.028505774214863777, 0.058775607496500015]
[0.5709813237190247, 0.6947172284126282, 0.4037865698337555, 0.05205439776182175, 0.29547712206840515, 0.02618219330906868, 0.011799218133091927, 0.0026676191482692957, 0.0006710414891131222, 0.006509223487228155, 0.013858160004019737, 0.0031145464163273573, 0.006471434608101845, 0.003980466164648533, 0.0006503415643237531, 0.000693164358381182]
[0.042075224220752716, 0.038977205753326416, 0.7113907933235168, 0.3723653554916382, 0.017798811197280884, 0.018031995743513107, 0.03280120715498924, 0.0007214362267404795, 0.019661100581288338, 0.006119331810623407, 0.0018799540121108294, 0.0006835880340076983, 0.0053725349716842175, 0.004149905871599913, 0.00097269268007949, 0.0014571442734450102]
[0.9165617823600769, 0.8249706029891968, 0.9716286063194275, 0.008974370546638966, 0.9196626543998718, 0.04796348884701729, 0.05280347913503647, 0.0012944790069013834, 0.010313371196389198, 0.10455360263586044, 0.011990786530077457, 0.0028698821552097797, 0.016165344044566154, 0.026330187916755676, 0.003212037030607462, 0.003434975165873766]
[0.7470855712890625, 0.6736104488372803, 0.5607051849365234, 0.06870187819004059, 0.3303668797016144, 0.1713828444480896, 0.12772542238235474, 0.026470275595784187, 0.017216462641954422, 0.091070756316185, 0.10312946140766144, 0.0437936894595623, 0.06845592707395554, 0.04224761202931404, 0.024141697213053703, 0.02340002916753292]
[0.5862825512886047, 0.3505776524543762, 0.009365011937916279, 0.6433718204498291, 0.44621574878692627, 0.04804413765668869, 0.004908341448754072, 0.04772493988275528, 0.0020389792043715715, 0.10867209732532501, 0.12079259753227234, 0.03637465089559555, 0.046642545610666275, 0.022417733445763588, 0.00368376262485981, 0.007953103631734848]
[0.43678537011146545, 0.2869042754173279, 0.6656034588813782, 0.288948118686676, 0.4637632966041565, 0.13222625851631165, 0.26508086919784546, 0.1520470678806305, 0.22908362746238708, 0.5148366093635559, 0.24597612023353577, 0.18355727195739746, 0.2364148050546646, 0.2574567496776581, 0.17341755330562592, 0.21694524586200714]
[0.5820969939231873, 0.06738919764757156, 0.1557890623807907, 0.09229215979576111, 0.023166408762335777, 0.09246155619621277, 0.008312047459185123, 0.0006131682312116027, 0.00014232745161280036, 0.0013221078552305698, 0.0026404079981148243, 0.0005696515436284244, 0.0018133663106709719, 0.002098453463986516, 0.0002110459899995476, 0.00025542787625454366]
[0.9600568413734436, 0.1379077434539795, 0.6957718133926392, 0.05974020063877106, 0.8633565306663513, 0.2748054265975952, 0.13103586435317993, 0.004301803186535835, 0.01401284709572792, 0.1753099113702774, 0.03725013509392738, 0.015604435466229916, 0.04705117642879486, 0.12459646910429001, 0.02378147467970848, 0.023637181147933006]
[0.0012992994161322713, 0.38850677013397217, 0.3377419114112854, 0.37037208676338196, 0.00328318914398551, 0.0013837729347869754, 0.014148308895528316, 0.007889293134212494, 0.007575190160423517, 0.0051809269934892654, 0.020669931545853615, 0.006299912463873625, 0.0073052216321229935, 0.0007830369286239147, 0.000447794736828655, 0.0007730728248134255]
[0.026393253356218338, 0.02072056755423546, 0.9910646677017212, 0.06739111989736557, 0.024174539372324944, 0.05329793319106102, 0.8478754162788391, 0.0016021201154217124, 0.5274035334587097, 0.035424716770648956, 0.004131866618990898, 0.002317362930625677, 0.045187756419181824, 0.017305243760347366, 0.030596768483519554, 0.029228823259472847]
[0.9771519303321838, 0.38911938667297363, 0.9777716398239136, 0.002572932979092002, 0.20989130437374115, 0.5805727243423462, 0.04186822474002838, 0.0001839578035287559, 0.002436778973788023, 0.006171418819576502, 0.0012891256483271718, 0.00031668166047893465, 0.005982960574328899, 0.02510610595345497, 0.0023368773981928825, 0.001283597550354898]
[0.0006530547980219126, 0.021287862211465836, 0.003689110977575183, 0.9932814836502075, 0.000465678283944726, 0.0031020347960293293, 0.0018280177609995008, 0.007775855716317892, 0.0014636889100074768, 0.0009191160788759589, 0.008655409328639507, 0.0025531919673085213, 0.005306584294885397, 0.0014089152682572603, 0.00021610101975966245, 0.0003539269673638046]
[0.09334897994995117, 0.022001277655363083, 0.8904590606689453, 0.47054949402809143, 0.009345531463623047, 0.04626942053437233, 0.015480389818549156, 8.91676900209859e-05, 0.0015100711025297642, 0.0010816225549206138, 0.0011898339726030827, 0.00029233976965770125, 0.0034907632507383823, 0.005349169485270977, 0.000738050730433315, 0.00040699695819057524]
[0.026326477527618408, 0.9262199401855469, 0.09046483784914017, 0.04125121980905533, 0.017165305092930794, 0.09144499897956848, 0.05669127404689789, 0.8771778345108032, 0.055681537836790085, 0.024412566795945168, 0.5343289971351624, 0.33916783332824707, 0.05533716827630997, 0.013276936486363411, 0.020937593653798103, 0.027486592531204224]
[0.31766682863235474, 0.3958474099636078, 0.3919195234775543, 0.3495224118232727, 0.2390146702528, 0.24456582963466644, 0.21046558022499084, 0.14674869179725647, 0.06277411431074142, 0.1254504919052124, 0.227409228682518, 0.1514158844947815, 0.13560304045677185, 0.13313712179660797, 0.06695791333913803, 0.08228082954883575]
[0.920674741268158, 0.04597313329577446, 0.04302264750003815, 0.09852275252342224, 0.006177212577313185, 0.8767703175544739, 0.002469749189913273, 0.0003629900165833533, 2.055395452771336e-05, 0.00015277940838132054, 0.001328048761934042, 0.0001490934519097209, 0.0006979902391321957, 0.0019884128123521805, 0.00023534867796115577, 0.000112065979919862]
[0.15042069554328918, 0.29623943567276, 0.4828152656555176, 0.5416216254234314, 0.08327914029359818, 0.1553860753774643, 0.2191391885280609, 0.055538516491651535, 0.10149478167295456, 0.05348272621631622, 0.09611371159553528, 0.05535387992858887, 0.10058889538049698, 0.07791567593812943, 0.04560307413339615, 0.04951466992497444]
[0.8289824724197388, 0.2540246844291687, 0.1335466057062149, 0.21521826088428497, 0.15323588252067566, 0.22639796137809753, 0.02302670106291771, 0.012639728374779224, 0.011371118016541004, 0.026979850605130196, 0.014039283618330956, 0.0038267606869339943, 0.025682304054498672, 0.020199986174702644, 0.0050540463998913765, 0.00755383400246501]
[0.8766679167747498, 0.8348955512046814, 0.026107344776391983, 0.10183054208755493, 0.10078810155391693, 0.7049455046653748, 0.015400906093418598, 0.0603424608707428, 0.0020116684027016163, 0.0052805449813604355, 0.020334577187895775, 0.0039777751080691814, 0.010972966440021992, 0.01086573675274849, 0.002408144064247608, 0.0022251636255532503]
[0.3660804033279419, 0.6321534514427185, 0.5020976662635803, 0.061202939599752426, 0.35058364272117615, 0.017635902389883995, 0.05188591778278351, 0.025392325595021248, 0.02458316832780838, 0.08061934262514114, 0.04885674640536308, 0.01724984124302864, 0.02344180829823017, 0.00835241749882698, 0.0052872467786073685, 0.007708759047091007]
[0.00802338682115078, 0.028650479391217232, 0.5841490626335144, 0.5337594151496887, 0.014148475602269173, 0.03270397707819939, 0.12487784028053284, 0.057597678154706955, 0.1190706342458725, 0.07615659385919571, 0.042523786425590515, 0.020886138081550598, 0.0691998302936554, 0.015120003372430801, 0.016681740060448647, 0.026276130229234695]
[0.7173953056335449, 0.05583582818508148, 0.47165873646736145, 0.39145997166633606, 0.5260508060455322, 0.21491943299770355, 0.16954489052295685, 0.012891369871795177, 0.01884807087481022, 0.08143574744462967, 0.05226423591375351, 0.027138475328683853, 0.04753565043210983, 0.08592728525400162, 0.019990017637610435, 0.020804546773433685]
[0.9430528879165649, 0.09429480135440826, 0.9202048778533936, 0.029704712331295013, 0.908848762512207, 0.03360838443040848, 0.178471639752388, 0.00033470557536929846, 0.00987059623003006, 0.17352509498596191, 0.007131003774702549, 0.002344161504879594, 0.018320245668292046, 0.03345336765050888, 0.005498862825334072, 0.005242105573415756]
[0.13056626915931702, 0.015967346727848053, 0.1822567880153656, 0.7919857501983643, 0.04276468977332115, 0.060365889221429825, 0.017229828983545303, 0.00047601034748367965, 0.0015601045452058315, 0.0013796862913295627, 0.0024019170086830854, 0.000723757257219404, 0.002257894491776824, 0.006178755313158035, 0.0003701786627061665, 0.0003531930560711771]
[0.046405185014009476, 0.07529338449239731, 0.0024136158172041178, 0.9461545348167419, 0.009303146041929722, 0.022590480744838715, 0.001614500186406076, 0.016594259068369865, 0.0018661442445591092, 0.003502717474475503, 0.01699874736368656, 0.004419062286615372, 0.00954950787127018, 0.00411246158182621, 0.00047524800174869597, 0.0010437816381454468]
[0.517327070236206, 0.9171788096427917, 0.5253635048866272, 0.013848974369466305, 0.37121978402137756, 0.18307167291641235, 0.16145189106464386, 0.5755633115768433, 0.08833808451890945, 0.24629205465316772, 0.329520583152771, 0.1650809943675995, 0.10636838525533676, 0.04032377898693085, 0.04811058193445206, 0.04906391352415085]
[0.10677938163280487, 0.933696985244751, 0.08163316547870636, 0.058479081839323044, 0.042244937270879745, 0.10583615303039551, 0.04254873842000961, 0.8080426454544067, 0.023671016097068787, 0.020701220259070396, 0.16580918431282043, 0.06205962970852852, 0.03297150880098343, 0.0061277770437300205, 0.009057819843292236, 0.010513046756386757]
[0.9043809175491333, 0.05472024157643318, 0.06746388971805573, 0.06729774922132492, 0.48738572001457214, 0.07833258807659149, 0.006287738680839539, 0.0032793323043733835, 0.0006151563720777631, 0.024884266778826714, 0.015375321730971336, 0.002986099338158965, 0.007022051606327295, 0.010387000627815723, 0.0006188327679410577, 0.0010008476674556732]
[0.06819015741348267, 0.7136225700378418, 0.40440037846565247, 0.16705559194087982, 0.06665407121181488, 0.09484279155731201, 0.2513504922389984, 0.4100814461708069, 0.09775476157665253, 0.07534390687942505, 0.3812697231769562, 0.2700720727443695, 0.10778427869081497, 0.0362362302839756, 0.05153333768248558, 0.05793514847755432]
[0.9640422463417053, 0.5541616678237915, 0.6702044010162354, 0.011156179010868073, 0.9520705342292786, 0.014581454917788506, 0.01871401257812977, 0.0002492812345735729, 0.0015370065812021494, 0.08342044800519943, 0.0031968471594154835, 0.0004521227383520454, 0.0038164297584444284, 0.004159966018050909, 0.00043871483649127185, 0.0006247208802960813]
[0.7718164920806885, 0.15979202091693878, 0.653059720993042, 0.15085138380527496, 0.675489068031311, 0.05886831134557724, 0.04328421503305435, 0.002763425698503852, 0.005252389702945948, 0.049768127501010895, 0.01634800247848034, 0.004600006155669689, 0.020914237946271896, 0.020760759711265564, 0.004639682825654745, 0.003927894867956638]
[0.9000248908996582, 0.3003827929496765, 0.010532752610743046, 0.42006605863571167, 0.1716364473104477, 0.640504002571106, 0.005945337470620871, 0.018201150000095367, 0.0005329877603799105, 0.00261874683201313, 0.038146644830703735, 0.008027717471122742, 0.007016368675976992, 0.017658468335866928, 0.0020844105165451765, 0.0012832784559577703]
[0.9814060926437378, 0.48103639483451843, 0.5255692601203918, 0.010727720335125923, 0.9802449345588684, 0.10510008782148361, 0.09941918402910233, 0.0006198974442668259, 0.0015390577027574182, 0.21089456975460052, 0.01355329155921936, 0.002982803387567401, 0.01109145488590002, 0.012616731226444244, 0.0018942317692562938, 0.0023915329948067665]
[0.02029438130557537, 0.10856936872005463, 0.09165841341018677, 0.8743936419487, 0.013393736444413662, 0.018648864701390266, 0.030625486746430397, 0.015820663422346115, 0.012782948091626167, 0.014488892629742622, 0.06554952263832092, 0.022697290405631065, 0.025857802480459213, 0.028342852368950844, 0.004404627718031406, 0.005991377867758274]
[0.1854586899280548, 0.08120226114988327, 0.9958025813102722, 0.005312195047736168, 0.003920374438166618, 0.2953326404094696, 0.26206180453300476, 0.00012311451428104192, 0.0034630214795470238, 0.0010002090130001307, 0.000729571096599102, 0.00017592764925211668, 0.003465048037469387, 0.007603375241160393, 0.003622824791818857, 0.0010249248007312417]
[0.06975287199020386, 0.6949634552001953, 0.5146353840827942, 0.17309772968292236, 0.0826757550239563, 0.11710892617702484, 0.3155687153339386, 0.40402188897132874, 0.1576785445213318, 0.10146447271108627, 0.42669931054115295, 0.3476135730743408, 0.15619340538978577, 0.059558264911174774, 0.08991286158561707, 0.09485797584056854]
[0.40767017006874084, 0.5222927331924438, 0.8285152912139893, 0.014600446447730064, 0.31911134719848633, 0.05750259384512901, 0.12383317947387695, 0.22295431792736053, 0.058159854263067245, 0.1861446052789688, 0.09832069277763367, 0.04955760017037392, 0.23261846601963043, 0.03021535836160183, 0.03616977855563164, 0.04211360961198807]
[0.9101668000221252, 0.7041215896606445, 0.03836621344089508, 0.09908349812030792, 0.21836267411708832, 0.7146128416061401, 0.03045782633125782, 0.04025017097592354, 0.005891722161322832, 0.04605910927057266, 0.049085404723882675, 0.016474848613142967, 0.02985447272658348, 0.020181400701403618, 0.008534439839422703, 0.009230653755366802]
[0.037537455558776855, 0.11709652841091156, 0.9672538042068481, 0.10074910521507263, 0.05487921088933945, 0.021779784932732582, 0.5978019833564758, 0.011074907146394253, 0.4748542010784149, 0.25054001808166504, 0.04225591570138931, 0.0256593506783247, 0.059797510504722595, 0.0244239941239357, 0.04279852285981178, 0.06528595834970474]
[0.15085163712501526, 0.6976973414421082, 0.023162877187132835, 0.45515260100364685, 0.021556420251727104, 0.29232969880104065, 0.02713720127940178, 0.1507372409105301, 0.005276310723274946, 0.011184441857039928, 0.1408122032880783, 0.0509660542011261, 0.030289819464087486, 0.0131794773042202, 0.006073680706322193, 0.007889222353696823]
[0.007875782437622547, 0.0589664988219738, 0.37963008880615234, 0.6049005389213562, 0.011571771465241909, 0.0044716838747262955, 0.050287846475839615, 0.021808141842484474, 0.07208576053380966, 0.028287842869758606, 0.01542862318456173, 0.00707230856642127, 0.03587186336517334, 0.007427926175296307, 0.004577165469527245, 0.009832269512116909]
[0.30752918124198914, 0.14492937922477722, 0.5052148699760437, 0.08204789459705353, 0.018960626795887947, 0.209966778755188, 0.05098370835185051, 0.0010916246101260185, 0.00994888972491026, 0.0033535328693687916, 0.003798567457124591, 0.0011494128266349435, 0.00717313215136528, 0.009936708956956863, 0.0022131011355668306, 0.0021602241322398186]
[0.259685754776001, 0.09726755321025848, 0.9696797132492065, 0.031051993370056152, 0.05173620209097862, 0.24876581132411957, 0.4289536774158478, 0.004112106282263994, 0.09882960468530655, 0.03872177377343178, 0.013463150709867477, 0.006578633561730385, 0.030166879296302795, 0.041183408349752426, 0.023195337504148483, 0.016408372670412064]
[0.07384176552295685, 0.09600050747394562, 0.7975505590438843, 0.053364407271146774, 0.0259469673037529, 0.01444614864885807, 0.030635500326752663, 0.004056327510625124, 0.12011793255805969, 0.03265728801488876, 0.006125370040535927, 0.0019252911442890763, 0.024060124531388283, 0.007127095479518175, 0.004763955250382423, 0.005758499260991812]
[0.6672866940498352, 0.2372049242258072, 0.9317774772644043, 0.009999617002904415, 0.38063696026802063, 0.10839466750621796, 0.2383081018924713, 0.016949377954006195, 0.11145973950624466, 0.33825284242630005, 0.05593432858586311, 0.033313408493995667, 0.11951059103012085, 0.11085759103298187, 0.07153228670358658, 0.0698477029800415]
[0.28226014971733093, 0.21858316659927368, 0.1000460535287857, 0.09802614152431488, 0.08683107793331146, 0.24801982939243317, 0.11622534692287445, 0.03779518976807594, 0.004101060796529055, 0.024625997990369797, 0.060834355652332306, 0.02002641186118126, 0.018828416243195534, 0.005669153295457363, 0.0034854691475629807, 0.006092512980103493]
[0.031861819326877594, 0.08265615254640579, 0.8603730797767639, 0.2231399267911911, 0.05389465391635895, 0.051676325500011444, 0.38767164945602417, 0.06755951792001724, 0.538103461265564, 0.16801388561725616, 0.06805222481489182, 0.053338661789894104, 0.14563441276550293, 0.07550884783267975, 0.0915815457701683, 0.13233016431331635]
[0.26538708806037903, 0.4436926543712616, 0.04436855763196945, 0.23615390062332153, 0.031463801860809326, 0.10553363710641861, 0.017833180725574493, 0.008216530084609985, 0.0012802880955860019, 0.003870162880048156, 0.014820351265370846, 0.0033791984897106886, 0.006011941470205784, 0.0033367322757840157, 0.0007879415061324835, 0.001098531181924045]
[0.10470283776521683, 0.4976333975791931, 0.4269726872444153, 0.23834013938903809, 0.1160309910774231, 0.16665393114089966, 0.3297363221645355, 0.4885644018650055, 0.19286035001277924, 0.21151240170001984, 0.3942614495754242, 0.3078935444355011, 0.36016228795051575, 0.08025289326906204, 0.12850752472877502, 0.17844171822071075]
[0.006213564425706863, 0.024120867252349854, 0.8496510982513428, 0.21669448912143707, 0.019792716950178146, 0.002330091316252947, 0.08617501705884933, 0.008648162707686424, 0.8837152719497681, 0.18609414994716644, 0.012891490943729877, 0.006471345201134682, 0.07491849362850189, 0.010389922186732292, 0.01661786064505577, 0.03574857860803604]
[0.24694770574569702, 0.6145080327987671, 0.7900521755218506, 0.058661580085754395, 0.10773523896932602, 0.12409567832946777, 0.19131971895694733, 0.04697626456618309, 0.05913534015417099, 0.03649120777845383, 0.051047638058662415, 0.018750904127955437, 0.04035254567861557, 0.028648164123296738, 0.013247208669781685, 0.012160406447947025]
[0.9435083270072937, 0.8897438049316406, 0.8094796538352966, 0.01069610845297575, 0.943332850933075, 0.025115173310041428, 0.016620660200715065, 0.0008199844160117209, 0.0015378358075395226, 0.059789590537548065, 0.007589281070977449, 0.0014666573842987418, 0.00644572963938117, 0.0061575863510370255, 0.000597734353505075, 0.0006397987599484622]
[0.9736024141311646, 0.17092099785804749, 0.054881751537323, 0.21185219287872314, 0.6051301956176758, 0.37619805335998535, 0.00498942332342267, 0.0006224230164662004, 0.0006328198942355812, 0.006241794675588608, 0.0028106889221817255, 0.0004330392985139042, 0.0026598863769322634, 0.005542258732020855, 0.0004677184042520821, 0.0005634354893118143]
[0.2630099952220917, 0.28119340538978577, 0.09307460486888885, 0.6369530558586121, 0.26295769214630127, 0.08024638891220093, 0.05019451305270195, 0.05142451077699661, 0.021559355780482292, 0.08706523478031158, 0.10781403630971909, 0.0541921928524971, 0.06553784012794495, 0.04839280992746353, 0.015964588150382042, 0.021363941952586174]
[0.02154843509197235, 0.037494782358407974, 0.9868271350860596, 0.05269574001431465, 0.008820630609989166, 0.08606937527656555, 0.7059325575828552, 0.0025725718587636948, 0.3432760536670685, 0.017182135954499245, 0.005496938247233629, 0.002773377811536193, 0.025095801800489426, 0.01644391193985939, 0.02412448450922966, 0.015129662118852139]
[0.12954621016979218, 0.2716531753540039, 0.8803406953811646, 0.08966833353042603, 0.024039877578616142, 0.022992024198174477, 0.03135097026824951, 0.0005020414246246219, 0.012070780619978905, 0.003010416403412819, 0.0030990634113550186, 0.000997630413621664, 0.004737205803394318, 0.006600862834602594, 0.0012375123333185911, 0.0007608638843521476]
[0.0642513707280159, 0.5062793493270874, 0.7853450179100037, 0.213841512799263, 0.09832466393709183, 0.03907248005270958, 0.25239768624305725, 0.044576697051525116, 0.07565003633499146, 0.07108628004789352, 0.07352080196142197, 0.04197734221816063, 0.05267039313912392, 0.026832420378923416, 0.01638513244688511, 0.019897585734725]
[0.5953431725502014, 0.028962017968297005, 0.4256177246570587, 0.28953394293785095, 0.11066857725381851, 0.2335534393787384, 0.06251975148916245, 0.0020928115118294954, 0.010626525618135929, 0.017406612634658813, 0.009229527786374092, 0.0033376221545040607, 0.01644483022391796, 0.019942035898566246, 0.006789797451347113, 0.005146320443600416]
[0.024012383073568344, 0.042681265622377396, 0.9229865074157715, 0.13364219665527344, 0.022799333557486534, 0.018778355792164803, 0.23405855894088745, 0.0015998396556824446, 0.028790052980184555, 0.011383174918591976, 0.003723046975210309, 0.0013767927885055542, 0.00938390288501978, 0.004682133439928293, 0.002312627388164401, 0.0020583674777299166]
[0.07518196851015091, 0.17962226271629333, 0.8859860301017761, 0.1415688395500183, 0.1125776544213295, 0.07010366767644882, 0.5040567517280579, 0.0325431302189827, 0.6074438691139221, 0.2056395262479782, 0.07780790328979492, 0.050791382789611816, 0.20826455950737, 0.09809336811304092, 0.15428607165813446, 0.16782422363758087]
[0.014767955988645554, 0.18456591665744781, 0.3138594925403595, 0.5109888315200806, 0.018483776599168777, 0.005858377553522587, 0.08258363604545593, 0.0745919868350029, 0.11762449145317078, 0.07924213260412216, 0.051339779049158096, 0.02550448291003704, 0.0461510568857193, 0.011682621203362942, 0.0064938911236822605, 0.014271640218794346]
[0.03202536702156067, 0.14661768078804016, 0.7479431629180908, 0.26869165897369385, 0.011723808012902737, 0.07527639716863632, 0.22270916402339935, 0.006987385917454958, 0.042540136724710464, 0.011611910536885262, 0.02666308730840683, 0.01172183733433485, 0.038360126316547394, 0.022181084379553795, 0.012219246476888657, 0.012161380611360073]
[0.10630502551794052, 0.37785640358924866, 0.4682513177394867, 0.49623867869377136, 0.06256386637687683, 0.11167062819004059, 0.10237337648868561, 0.04153125360608101, 0.10813318192958832, 0.06174037232995033, 0.09436044096946716, 0.05902180075645447, 0.07919403910636902, 0.07233146578073502, 0.03291238099336624, 0.035616934299468994]
[0.04003649950027466, 0.047169558703899384, 0.010500865988433361, 0.7694277763366699, 0.0016989664873108268, 0.0425025038421154, 0.003791769267991185, 0.0012385471491143107, 0.0006941489991731942, 0.0009531438699923456, 0.0021568124648183584, 0.0002839163935277611, 0.0019224663265049458, 0.0008063099230639637, 0.00019460538169369102, 0.00029585868469439447]
[0.9996672868728638, 0.06178729608654976, 0.007819609716534615, 0.022860193625092506, 0.9520019292831421, 0.3319292664527893, 0.0009116073488257825, 3.227099296054803e-05, 2.8573609597515315e-05, 0.0049987067468464375, 0.00037154939491301775, 2.8415568522177637e-05, 0.0007924620877020061, 0.0018070877995342016, 6.93422116455622e-05, 6.964446947677061e-05]
[0.008565823547542095, 0.029326092451810837, 0.962291955947876, 0.018583789467811584, 0.005601089913398027, 0.01510389894247055, 0.17352639138698578, 0.00044526191777549684, 0.002922039246186614, 0.003240996738895774, 0.0019840383902192116, 0.0005179278668947518, 0.00256191473454237, 0.0008169887587428093, 0.00035831844434142113, 0.0004764867771882564]
[0.9119124412536621, 0.6260339617729187, 0.905710756778717, 0.01225737202912569, 0.7877309918403625, 0.618401825428009, 0.4984428584575653, 0.006639915052801371, 0.023355407640337944, 0.10333728045225143, 0.01710815541446209, 0.007650441490113735, 0.03583097830414772, 0.042755041271448135, 0.019421523436903954, 0.016953889280557632]
[0.014566190540790558, 0.16748717427253723, 0.18209439516067505, 0.7809590697288513, 0.003988334443420172, 0.031672511249780655, 0.01858198083937168, 0.011093090288341045, 0.01610979624092579, 0.005476297345012426, 0.012981532141566277, 0.0034960098564624786, 0.014399122446775436, 0.007016923278570175, 0.0019919767510145903, 0.0021668856497853994]
[0.11282776296138763, 0.04781544208526611, 0.9874799847602844, 0.026976970955729485, 0.06825650483369827, 0.040226712822914124, 0.45510539412498474, 0.0011100935516878963, 0.06668141484260559, 0.02570025809109211, 0.003909919876605272, 0.0017726749647408724, 0.017930002883076668, 0.007043483201414347, 0.006856556050479412, 0.005025225225836039]
[0.8638823628425598, 0.010315706953406334, 0.9552212953567505, 0.04436514526605606, 0.06572118401527405, 0.06727788597345352, 0.062390439212322235, 0.00013054530427325517, 0.0033710456918925047, 0.017860621213912964, 0.0013272553915157914, 0.00029918417567387223, 0.0054015303030610085, 0.018550947308540344, 0.002119191689416766, 0.0015333002666011453]
[0.9456444978713989, 0.15054582059383392, 0.16815829277038574, 0.20616161823272705, 0.8407385349273682, 0.2762835621833801, 0.07912065833806992, 0.0026305438950657845, 0.006772281136363745, 0.0806489810347557, 0.021244943141937256, 0.0056496127508580685, 0.019140461459755898, 0.02192855440080166, 0.004700694233179092, 0.006125889718532562]
[0.9900789260864258, 0.10407143086194992, 0.08887367695569992, 0.2152896523475647, 0.8663835525512695, 0.6989867091178894, 0.02505585178732872, 0.0016941120848059654, 0.00032769519020803273, 0.01486932672560215, 0.012933437712490559, 0.0032595419324934483, 0.0059882947243750095, 0.02424820326268673, 0.0021161979530006647, 0.0020151869393885136]
[0.07505793869495392, 0.6356912851333618, 0.3388889729976654, 0.272519052028656, 0.06272388994693756, 0.08881299942731857, 0.13424958288669586, 0.29388296604156494, 0.1600518524646759, 0.07517465949058533, 0.22228091955184937, 0.14671410620212555, 0.13000567257404327, 0.06401874125003815, 0.05397123843431473, 0.06774097681045532]
[0.060467757284641266, 0.14853578805923462, 0.28711068630218506, 0.4042709767818451, 0.02758382447063923, 0.03875946253538132, 0.037019435316324234, 0.015822341665625572, 0.01161425281316042, 0.013625852763652802, 0.0407397486269474, 0.018108082935214043, 0.02655516378581524, 0.011918289586901665, 0.0035793925635516644, 0.006216370966285467]
[0.8198949098587036, 0.8408913612365723, 0.044098883867263794, 0.06580738723278046, 0.5002857446670532, 0.2021518051624298, 0.03718530759215355, 0.11126116663217545, 0.017962777987122536, 0.13702178001403809, 0.1603352278470993, 0.06065794825553894, 0.053903728723526, 0.029521668329834938, 0.012256482616066933, 0.023046016693115234]
[0.13413158059120178, 0.5792773962020874, 0.44465044140815735, 0.12453204393386841, 0.21773661673069, 0.09939895570278168, 0.19753563404083252, 0.060267962515354156, 0.04501810297369957, 0.08283761143684387, 0.0974508598446846, 0.05080809444189072, 0.05832189321517944, 0.03027431294322014, 0.021563073620200157, 0.03155817463994026]
[0.10558532923460007, 0.38906604051589966, 0.12903226912021637, 0.08205627650022507, 0.05804899334907532, 0.007391218561679125, 0.023370645940303802, 0.08236216008663177, 0.008914968930184841, 0.024565093219280243, 0.06332463026046753, 0.018978046253323555, 0.02092994563281536, 0.004980398342013359, 0.00148677674587816, 0.0029754680581390858]
[0.9548935294151306, 0.07442324608564377, 0.047926925122737885, 0.19911324977874756, 0.11315283179283142, 0.11567025631666183, 0.0009498019353486598, 9.591994603397325e-05, 1.8005930542130955e-05, 0.0007966544362716377, 0.000799178727902472, 0.00011095979425590485, 0.0005693294224329293, 0.0020520673133432865, 7.033155998215079e-05, 5.61783199373167e-05]
[0.8829386830329895, 0.16702763736248016, 0.1342518925666809, 0.466431587934494, 0.8047165870666504, 0.22383789718151093, 0.03244898095726967, 0.008129033260047436, 0.003377926768735051, 0.03936289995908737, 0.033169690519571304, 0.008569756522774696, 0.017162127420306206, 0.03403426334261894, 0.005655691027641296, 0.005940810311585665]
[0.045755792409181595, 0.031294096261262894, 0.6993216276168823, 0.4087994396686554, 0.05904477834701538, 0.007178655359894037, 0.1102672666311264, 0.010359016247093678, 0.03486695513129234, 0.21125678718090057, 0.05446452647447586, 0.025366468355059624, 0.04730802774429321, 0.02374478057026863, 0.015005328692495823, 0.027099760249257088]
[0.0006542683695442975, 0.05589399114251137, 0.6593585014343262, 0.24636662006378174, 0.0016341210575774312, 0.0016876982990652323, 0.022411394864320755, 0.005375165492296219, 0.03265411779284477, 0.003318037837743759, 0.003839535405859351, 0.0013992484891787171, 0.008245770819485188, 0.000989435939118266, 0.0006355936639010906, 0.0008598898421041667]
[0.7458271384239197, 0.27881675958633423, 0.32427263259887695, 0.2550690174102783, 0.03952483832836151, 0.5888121128082275, 0.0700390562415123, 0.008419284597039223, 0.011865878477692604, 0.010551802814006805, 0.02382873184978962, 0.009405918419361115, 0.030111264437437057, 0.04005066677927971, 0.01233564130961895, 0.008199899457395077]
[0.23909489810466766, 0.3041212558746338, 0.5232669115066528, 0.4948570132255554, 0.13324415683746338, 0.1793486475944519, 0.20889709889888763, 0.06244710087776184, 0.13225620985031128, 0.08066162467002869, 0.11484125256538391, 0.06753205507993698, 0.11822357773780823, 0.11818893253803253, 0.06327734142541885, 0.0680636465549469]
[0.005750121083110571, 0.033090174198150635, 0.7923401594161987, 0.4501846134662628, 0.00031878723530098796, 0.01638547144830227, 0.006437111645936966, 0.0007985940901562572, 0.005588711239397526, 0.0005210444796830416, 0.0009105483186431229, 0.0002786537806969136, 0.004193586762994528, 0.0030069963540881872, 0.000524172792211175, 0.00028277881210669875]
[0.023561621084809303, 0.6713828444480896, 0.07793327420949936, 0.36030933260917664, 0.05191989243030548, 0.05925782024860382, 0.09166018664836884, 0.8382731676101685, 0.08813093602657318, 0.06732839345932007, 0.6700908541679382, 0.5721287727355957, 0.1373429149389267, 0.038716915994882584, 0.036933865398168564, 0.052710071206092834]
[0.2919907569885254, 0.11250235140323639, 0.9181354641914368, 0.042000412940979004, 0.19732199609279633, 0.1311783343553543, 0.3990875482559204, 0.008671799674630165, 0.2532268762588501, 0.11723320931196213, 0.02504928968846798, 0.013787594623863697, 0.060351476073265076, 0.035092372447252274, 0.027992745861411095, 0.023171108216047287]
[0.21845044195652008, 0.8273913264274597, 0.6033756732940674, 0.04587847366929054, 0.05413989722728729, 0.36743298172950745, 0.17620882391929626, 0.1516004502773285, 0.10041967034339905, 0.037939004600048065, 0.08429864794015884, 0.04374471679329872, 0.05438472330570221, 0.0380343496799469, 0.03012167103588581, 0.027657747268676758]
[0.014530443586409092, 0.03815662860870361, 0.749334454536438, 0.3811880052089691, 0.012539634481072426, 0.004211984574794769, 0.050312791019678116, 0.0034056762233376503, 0.0500224269926548, 0.0232078917324543, 0.008783180266618729, 0.0033105071634054184, 0.029905375093221664, 0.010656120255589485, 0.00524045480415225, 0.006205286830663681]
[0.003906526602804661, 0.014008895494043827, 0.10310681164264679, 0.9596866965293884, 0.009013641625642776, 0.0027388036251068115, 0.021686339750885963, 0.00827551819384098, 0.031482502818107605, 0.014239429496228695, 0.01626090705394745, 0.005999013315886259, 0.022036980837583542, 0.01066330075263977, 0.002296928083524108, 0.005152857396751642]
[0.005079282913357019, 0.09645537286996841, 0.027290141209959984, 0.9557188153266907, 0.0009005758329294622, 0.008185768499970436, 0.003768724389374256, 0.003208803478628397, 0.001674940693192184, 0.0009356741211377084, 0.008706523105502129, 0.0026193049270659685, 0.0032288897782564163, 0.001873807399533689, 0.000328739988617599, 0.0003874754183925688]
[0.8533370494842529, 0.26024630665779114, 0.14274081587791443, 0.22905677556991577, 0.3194926381111145, 0.3139897584915161, 0.02490914985537529, 0.003507019253447652, 0.001480921870097518, 0.01315052155405283, 0.015523777343332767, 0.003315996378660202, 0.01129438728094101, 0.016319110989570618, 0.002438916126266122, 0.0025046446826308966]
[0.875676155090332, 0.9383322596549988, 0.45565733313560486, 0.0034277646336704493, 0.5404356718063354, 0.3824961185455322, 0.09533179551362991, 0.06609316170215607, 0.018798639997839928, 0.20811627805233002, 0.11609385907649994, 0.03718011453747749, 0.04984357953071594, 0.01999414712190628, 0.013974483124911785, 0.01673879288136959]
[0.024143477901816368, 0.016432123258709908, 0.057013511657714844, 0.6470953822135925, 0.001787015120498836, 0.034091491252183914, 0.013391117565333843, 0.0007463066722266376, 0.001916062319651246, 0.0015672006411477923, 0.0013325472828000784, 0.0002685356012079865, 0.0019334731623530388, 0.000590427836868912, 0.00020547793246805668, 0.0003549430693965405]
[0.975937008857727, 0.9040225744247437, 0.07381025701761246, 0.008954619988799095, 0.0866248607635498, 0.813628077507019, 0.00923624075949192, 0.009898209013044834, 0.0009383305441588163, 0.005150069482624531, 0.02152540348470211, 0.005634831730276346, 0.006810507271438837, 0.007549598813056946, 0.0013754017418250442, 0.001943744602613151]
[0.9458350539207458, 0.12639300525188446, 0.23664802312850952, 0.07192687690258026, 0.6352880001068115, 0.16680927574634552, 0.05822139233350754, 0.004193819593638182, 0.0035668991040438414, 0.06062527745962143, 0.014643309637904167, 0.00434576440602541, 0.012582413852214813, 0.02368675358593464, 0.003655477426946163, 0.004342787899076939]
[0.03446989133954048, 0.2543153464794159, 0.5440762042999268, 0.4448336362838745, 0.08185473829507828, 0.011054625734686852, 0.14822007715702057, 0.050191719084978104, 0.07646737992763519, 0.08578869700431824, 0.07740115374326706, 0.03761354461312294, 0.052863433957099915, 0.024036629125475883, 0.013569117523729801, 0.021364200860261917]
[0.027844151481986046, 0.07454691082239151, 0.9638432264328003, 0.07962647080421448, 0.024971138685941696, 0.020919272676110268, 0.3265853822231293, 0.008188789710402489, 0.07523523271083832, 0.11924552917480469, 0.04843610152602196, 0.01851881481707096, 0.03963206708431244, 0.0200277678668499, 0.02169228345155716, 0.024595201015472412]
[0.0020620664581656456, 0.7464567422866821, 0.020056549459695816, 0.47968989610671997, 0.0018710597651079297, 0.01178092323243618, 0.013345406390726566, 0.24780355393886566, 0.004472480155527592, 0.0016194176860153675, 0.16067242622375488, 0.07088951766490936, 0.01383864413946867, 0.0019659914541989565, 0.0010182613041251898, 0.0016663713613525033]
[0.42566365003585815, 0.1847015619277954, 0.768059253692627, 0.2335142195224762, 0.15602277219295502, 0.40578293800354004, 0.2925461530685425, 0.030118480324745178, 0.06070166081190109, 0.07841742038726807, 0.07824335247278214, 0.046765148639678955, 0.17102767527103424, 0.22905239462852478, 0.10267975926399231, 0.08674747496843338]
[0.9811847805976868, 0.692842960357666, 0.39836278557777405, 0.012396855279803276, 0.4214859902858734, 0.6568462252616882, 0.027036381885409355, 0.0029903287068009377, 0.004110400099307299, 0.04352832958102226, 0.01657688431441784, 0.00455864891409874, 0.026209330186247826, 0.051912322640419006, 0.006545847747474909, 0.005989913363009691]
[0.4075016975402832, 0.9012501239776611, 0.059861134737730026, 0.01427831593900919, 0.13300558924674988, 0.1599266231060028, 0.008342974819242954, 0.051689811050891876, 0.0006004264578223228, 0.0036931531503796577, 0.016272155568003654, 0.003230397356674075, 0.006193107459694147, 0.0014701014151796699, 0.0007339087896980345, 0.0008361284853890538]
[0.3244089186191559, 0.10879846662282944, 0.7805405259132385, 0.39155054092407227, 0.13636228442192078, 0.2909063994884491, 0.44911423325538635, 0.018121011555194855, 0.21064116060733795, 0.09010853618383408, 0.047043297439813614, 0.027332225814461708, 0.08748413622379303, 0.15903134644031525, 0.06969146430492401, 0.06521597504615784]
[0.007370740175247192, 0.004695472307503223, 0.013660946860909462, 0.9938241243362427, 0.0024225173983722925, 0.004785114899277687, 0.0029693790711462498, 0.0010927248513326049, 0.0007555034826509655, 0.0013728856574743986, 0.004433543886989355, 0.001306805294007063, 0.0062010097317397594, 0.0034817031119018793, 0.00031945505179464817, 0.0005305482191033661]
[0.49491119384765625, 0.6351608633995056, 0.3836725652217865, 0.1430380642414093, 0.817072868347168, 0.02011628821492195, 0.03784925118088722, 0.012195895425975323, 0.014683950692415237, 0.1555369347333908, 0.06000601872801781, 0.020497819408774376, 0.03671625629067421, 0.022306663915514946, 0.006283702794462442, 0.009130071848630905]
[0.8391679525375366, 0.8824068903923035, 0.13180996477603912, 0.06518518924713135, 0.5859524011611938, 0.1320030689239502, 0.02125507779419422, 0.010211729444563389, 0.005424784496426582, 0.04443632438778877, 0.047011759132146835, 0.012220495380461216, 0.01763055846095085, 0.010293157771229744, 0.0024894303642213345, 0.004110362846404314]
[0.9310913681983948, 0.8678368926048279, 0.004351852927356958, 0.06456546485424042, 0.8979870676994324, 0.08020877838134766, 0.004731723107397556, 0.053052712231874466, 0.0008276160224340856, 0.1216072216629982, 0.16014066338539124, 0.029432883486151695, 0.016040530055761337, 0.00483795627951622, 0.001058117370121181, 0.0030761738307774067]
[0.4538109302520752, 0.253269761800766, 0.26020365953445435, 0.44533416628837585, 0.2977908253669739, 0.38217693567276, 0.2562941908836365, 0.19547723233699799, 0.11683987826108932, 0.2246236503124237, 0.2797318696975708, 0.20150038599967957, 0.16958725452423096, 0.20333164930343628, 0.12052417546510696, 0.15249526500701904]
[0.9928073883056641, 0.4207213819026947, 0.16823682188987732, 0.022690612822771072, 0.6143701672554016, 0.6828978657722473, 0.0075753554701805115, 0.0006639114581048489, 4.417945820023306e-05, 0.00447995075955987, 0.0047629899345338345, 0.0008464055717922747, 0.0027317656204104424, 0.008922482840716839, 0.0006265544798225164, 0.0005080485134385526]
[0.01761416532099247, 0.3830004632472992, 0.030001182109117508, 0.8132367134094238, 0.003854460781440139, 0.06240047886967659, 0.007142180576920509, 0.021530723199248314, 0.0009995773434638977, 0.0009589417022652924, 0.016441503539681435, 0.005059302318841219, 0.007341241929680109, 0.007581789046525955, 0.0009816020028665662, 0.0013841596664860845]
[0.001440788502804935, 0.11724112182855606, 0.007927562110126019, 0.9180702567100525, 0.0014043026603758335, 0.004577039275318384, 0.0028239781968295574, 0.03469664230942726, 0.0014705992070958018, 0.0010114955948665738, 0.05536544322967529, 0.014691930264234543, 0.0062721725553274155, 0.0015345725696533918, 0.0002978053817059845, 0.00036961957812309265]
[0.11259419471025467, 0.22498883306980133, 0.08043823391199112, 0.5273745059967041, 0.1551675796508789, 0.020154187455773354, 0.03765937313437462, 0.02383560501039028, 0.031194888055324554, 0.1411081701517105, 0.12341935187578201, 0.0534549243748188, 0.05574141815304756, 0.02264448069036007, 0.010121664963662624, 0.01712615042924881]
[0.003163047367706895, 0.878588080406189, 0.041684966534376144, 0.26642850041389465, 0.006285930518060923, 0.006914415862411261, 0.013550066389143467, 0.699908971786499, 0.041749417781829834, 0.025951018556952477, 0.5688467621803284, 0.35480964183807373, 0.04881766438484192, 0.006548676639795303, 0.004428741987794638, 0.008213715627789497]
[0.46471163630485535, 0.37773454189300537, 0.7724210023880005, 0.108780138194561, 0.2585458755493164, 0.3253108859062195, 0.39864757657051086, 0.05466266721487045, 0.2933867573738098, 0.13129368424415588, 0.09607169032096863, 0.05637273192405701, 0.12125750631093979, 0.1416390836238861, 0.09510380029678345, 0.08671952784061432]
[0.0022746496833860874, 0.05376428738236427, 0.03592681139707565, 0.8436138033866882, 0.0005397764034569263, 0.022448841482400894, 0.004671295639127493, 0.01322647463530302, 0.0012908739736303687, 0.0003584602090995759, 0.00672947196289897, 0.0018408974865451455, 0.005980083718895912, 0.0013091553701087832, 0.00030891093774698675, 0.0003532480914145708]
[0.47997811436653137, 0.5878156423568726, 0.038465484976768494, 0.11001111567020416, 0.1950739324092865, 0.12960126996040344, 0.012786450795829296, 0.05660010129213333, 0.000682770274579525, 0.008572313003242016, 0.12599395215511322, 0.024785105139017105, 0.008729794062674046, 0.005197162739932537, 0.0011729443212971091, 0.001545480452477932]
[0.9679614901542664, 0.1391669660806656, 0.1943850815296173, 0.06970595568418503, 0.9458339810371399, 0.024586765095591545, 0.03621635213494301, 0.005759536754339933, 0.00949542224407196, 0.815615177154541, 0.05865122005343437, 0.013807319104671478, 0.034683454781770706, 0.024312378838658333, 0.00662948377430439, 0.018368657678365707]
[0.020807666704058647, 0.1471712440252304, 0.9184734225273132, 0.10049101710319519, 0.024115780368447304, 0.024047601968050003, 0.3369884192943573, 0.012576211243867874, 0.6151110529899597, 0.03749498724937439, 0.011688034981489182, 0.006790636107325554, 0.04760618135333061, 0.011160883121192455, 0.015020320191979408, 0.021047081798315048]
[0.3748810291290283, 0.13271160423755646, 0.8088650107383728, 0.13065923750400543, 0.3416101038455963, 0.014952106401324272, 0.08515461534261703, 0.0027154372073709965, 0.011060315184295177, 0.07277344912290573, 0.03958715870976448, 0.014270063489675522, 0.03439643979072571, 0.016231719404459, 0.0073739951476454735, 0.0072622415609657764]
[0.07603565603494644, 0.07313773036003113, 0.3957103490829468, 0.31136980652809143, 0.015126899816095829, 0.027413049712777138, 0.02839621715247631, 0.0043758610263466835, 0.009704498574137688, 0.010595813393592834, 0.007111000828444958, 0.0020274363923817873, 0.01011031586676836, 0.007968483492732048, 0.002257644198834896, 0.0019810288213193417]
[0.2720105051994324, 0.054336223751306534, 0.0033550469670444727, 0.8911352157592773, 0.03353877365589142, 0.16358403861522675, 0.005965506657958031, 0.01083080843091011, 0.0007765696500428021, 0.005216457415372133, 0.036644089967012405, 0.009627762250602245, 0.015158885158598423, 0.010029295459389687, 0.0021554643753916025, 0.003003534860908985]
[0.3585558831691742, 0.4662027359008789, 0.47587326169013977, 0.40224120020866394, 0.2731015980243683, 0.3343711197376251, 0.3803107738494873, 0.24437130987644196, 0.20430169999599457, 0.22180365025997162, 0.30227282643318176, 0.23434515297412872, 0.25770360231399536, 0.21212138235569, 0.17927762866020203, 0.1932077556848526]
[0.619247317314148, 0.39709097146987915, 0.15712517499923706, 0.18184323608875275, 0.02052697353065014, 0.2215956449508667, 0.024949532002210617, 0.0015195871237665415, 0.0004137479409109801, 0.001144012319855392, 0.004204942844808102, 0.0007672971696592867, 0.0030324836261570454, 0.0061485618352890015, 0.0006645197863690555, 0.000603243475779891]
[0.30594491958618164, 0.36591631174087524, 0.9052612781524658, 0.07621118426322937, 0.1086806058883667, 0.35472699999809265, 0.37409189343452454, 0.08006441593170166, 0.18311522901058197, 0.18372128903865814, 0.10515125840902328, 0.06826531887054443, 0.26215046644210815, 0.22477151453495026, 0.19312162697315216, 0.14610888063907623]
[0.07977430522441864, 0.8165384531021118, 0.06303402781486511, 0.09850894659757614, 0.030010413378477097, 0.0701148584485054, 0.060015998780727386, 0.7520729303359985, 0.014785227365791798, 0.025838728994131088, 0.21737511456012726, 0.08556215465068817, 0.03018602728843689, 0.006849911995232105, 0.007129322737455368, 0.012300663627684116]
[0.08223332464694977, 0.8413692712783813, 0.548211395740509, 0.012100443243980408, 0.0427418015897274, 0.0970904603600502, 0.059955794364213943, 0.45371127128601074, 0.017367037013173103, 0.024873560294508934, 0.09812165796756744, 0.03271403908729553, 0.05220567435026169, 0.006807119119912386, 0.00841608177870512, 0.009582212194800377]
[0.40486857295036316, 0.3697076141834259, 0.7497456073760986, 0.2401147335767746, 0.20653045177459717, 0.33912017941474915, 0.34162601828575134, 0.07723969221115112, 0.16497047245502472, 0.17142513394355774, 0.15914465487003326, 0.11329389363527298, 0.23754523694515228, 0.2787773907184601, 0.1607937514781952, 0.1600722074508667]
[0.9981314539909363, 0.6343030333518982, 0.3049665093421936, 0.00348968175239861, 0.910526692867279, 0.614024817943573, 0.014337858185172081, 0.00013357111311051995, 0.00013504298112820834, 0.019310232251882553, 0.0025443872436881065, 0.00038280902663245797, 0.002863755449652672, 0.0042423708364367485, 0.0003921178577002138, 0.000498839421197772]
[0.23909489810466766, 0.3041212558746338, 0.5232669115066528, 0.4948570132255554, 0.13324415683746338, 0.1793486475944519, 0.20889709889888763, 0.06244710087776184, 0.13225620985031128, 0.08066162467002869, 0.11484125256538391, 0.06753205507993698, 0.11822357773780823, 0.11818893253803253, 0.06327734142541885, 0.0680636465549469]
[0.5570656657218933, 0.24669329822063446, 0.9118924140930176, 0.0645047128200531, 0.19421587884426117, 0.032346900552511215, 0.02601490542292595, 0.00015071693633217365, 0.007347202859818935, 0.006185844540596008, 0.001079398556612432, 0.00023156474344432354, 0.003272033529356122, 0.004922274965792894, 0.0005135128740221262, 0.0005210188683122396]
[0.2902128994464874, 0.21074655652046204, 0.8760033249855042, 0.09292683750391006, 0.07554895430803299, 0.24844586849212646, 0.4537593424320221, 0.04414081200957298, 0.045795440673828125, 0.07513243705034256, 0.08257950097322464, 0.041697368025779724, 0.0729747861623764, 0.06220782548189163, 0.04599897935986519, 0.03073408640921116]
[0.3708803355693817, 0.1118038147687912, 0.5561051964759827, 0.2919628918170929, 0.13238762319087982, 0.2903019189834595, 0.2218310534954071, 0.039101529866456985, 0.03993738815188408, 0.05312957242131233, 0.09539617598056793, 0.05510625243186951, 0.08624354749917984, 0.08023341000080109, 0.0643339455127716, 0.049995698034763336]
[0.0063259839080274105, 0.033663827925920486, 0.25936466455459595, 0.6770121455192566, 0.000727889419067651, 0.011527812108397484, 0.004022466950118542, 0.0006131547270342708, 0.0014819904463365674, 0.0007686390308663249, 0.0018345776479691267, 0.0005428841104730964, 0.002316985046491027, 0.0012422847794368863, 0.0002366670814808458, 0.00019499917107168585]
[0.7535603046417236, 0.12872041761875153, 0.09176559001207352, 0.4447180926799774, 0.5550219416618347, 0.08878632634878159, 0.03159952163696289, 0.0073590511456131935, 0.006734143011271954, 0.08421489596366882, 0.05166389420628548, 0.018579071387648582, 0.034375693649053574, 0.023939823731780052, 0.005876163952052593, 0.008596000261604786]
[0.037137944251298904, 0.019808420911431313, 0.034253064543008804, 0.9724721312522888, 0.004947063513100147, 0.06690753996372223, 0.008099351078271866, 0.0013203996932134032, 0.0021208610851317644, 0.0012898503337055445, 0.005580447148531675, 0.0018543554469943047, 0.005643042735755444, 0.008286196738481522, 0.0006792725762352347, 0.001006315229460597]
[0.0013095252215862274, 0.5193164944648743, 0.01419029850512743, 0.5828157067298889, 0.0003540462930686772, 0.004028140567243099, 0.0013546356931328773, 0.023633863776922226, 0.001676964689977467, 0.0008838943322189152, 0.010534606873989105, 0.0019142029341310263, 0.0030880619306117296, 0.0007389131933450699, 0.00013956738985143602, 0.0002902385895140469]
[0.017269162461161613, 0.08203857392072678, 0.9038742184638977, 0.17645730078220367, 0.024325968697667122, 0.011078343726694584, 0.19402997195720673, 0.008691472932696342, 0.33748483657836914, 0.049705397337675095, 0.013825297355651855, 0.0060186791233718395, 0.036932092159986496, 0.019594857469201088, 0.013797245919704437, 0.01575542241334915]
[0.003527148626744747, 0.011896398849785328, 0.5380874276161194, 0.5394833087921143, 0.004073254764080048, 0.002918038284406066, 0.033657338470220566, 0.0017985127633437514, 0.27676355838775635, 0.013574952259659767, 0.003978264518082142, 0.001271080574952066, 0.015878940001130104, 0.0021851540077477694, 0.0017881595995277166, 0.003129775170236826]
[0.18849815428256989, 0.7697781324386597, 0.500317394733429, 0.0328938327729702, 0.13905112445354462, 0.16194351017475128, 0.3267049789428711, 0.20339801907539368, 0.10463276505470276, 0.1313997060060501, 0.393604576587677, 0.26326784491539, 0.10795176774263382, 0.04237376153469086, 0.04084327816963196, 0.05100613832473755]
[0.0047477250918745995, 0.007300728000700474, 0.3657521605491638, 0.8833180069923401, 0.003380778944119811, 0.015271378681063652, 0.08931796252727509, 0.0067932866513729095, 0.1944281905889511, 0.017286309972405434, 0.010177682153880596, 0.005188681650906801, 0.025327516719698906, 0.012887092307209969, 0.006809717509895563, 0.011760772205889225]
[0.8915491104125977, 0.1441999226808548, 0.18123362958431244, 0.1994447112083435, 0.1506253480911255, 0.8237026929855347, 0.035907115787267685, 0.0039644441567361355, 0.0007928250124678016, 0.0035395894665271044, 0.007011446636170149, 0.001867609447799623, 0.009061958640813828, 0.023320535197854042, 0.003859937423840165, 0.002956884913146496]
[0.19374272227287292, 0.7072542309761047, 0.1868550181388855, 0.33585405349731445, 0.03701883926987648, 0.34085968136787415, 0.05630360171198845, 0.09121500700712204, 0.028789065778255463, 0.016679635271430016, 0.06481287628412247, 0.027562996372580528, 0.02706247940659523, 0.03245999291539192, 0.013358201831579208, 0.0128189567476511]
[0.14751723408699036, 0.2072543054819107, 0.17014914751052856, 0.7878344058990479, 0.049095138907432556, 0.20238912105560303, 0.1247493177652359, 0.033313460648059845, 0.03083164244890213, 0.0271640382707119, 0.08670085668563843, 0.04012112691998482, 0.05605917423963547, 0.06754378974437714, 0.023220723494887352, 0.02202921360731125]
[0.05364486575126648, 0.6661360263824463, 0.5197777152061462, 0.18642041087150574, 0.05821780860424042, 0.10463789105415344, 0.3382980525493622, 0.3243659734725952, 0.13121485710144043, 0.08163779228925705, 0.36065980792045593, 0.2754274606704712, 0.1345376819372177, 0.04757335036993027, 0.07266900688409805, 0.08173918724060059]
[0.3963206708431244, 0.7354950308799744, 0.05222039297223091, 0.4683648943901062, 0.0806521624326706, 0.27893906831741333, 0.030814368277788162, 0.11059200763702393, 0.007037512958049774, 0.012807183898985386, 0.05629534274339676, 0.016560500487685204, 0.030550962314009666, 0.019627729430794716, 0.006067880894988775, 0.007766772992908955]
[0.013047228567302227, 0.2617097795009613, 0.515293300151825, 0.15438881516456604, 0.012615032494068146, 0.006150112021714449, 0.019582388922572136, 0.006373890675604343, 0.01267477497458458, 0.006530924700200558, 0.007255510427057743, 0.0019706834573298693, 0.005162430927157402, 0.0014236131682991982, 0.0005324622034095228, 0.0006034579710103571]
[0.24350477755069733, 0.5278045535087585, 0.2383241504430771, 0.10009270906448364, 0.09638379514217377, 0.05033022165298462, 0.09919160604476929, 0.11427759379148483, 0.067645363509655, 0.08267663419246674, 0.10484416782855988, 0.04450957104563713, 0.08859117329120636, 0.0187118798494339, 0.013251385651528835, 0.028838546946644783]
[0.02705933339893818, 0.7268958687782288, 0.0038354413118213415, 0.4353778660297394, 0.0028490503318607807, 0.03572983667254448, 0.0013375321868807077, 0.03320717811584473, 0.0001639664260437712, 0.0005530469352379441, 0.026752257719635963, 0.004589140880852938, 0.0020609991624951363, 0.0004740298609249294, 8.485415310133249e-05, 0.00013702824071515352]
[0.7469439506530762, 0.38903719186782837, 0.47115767002105713, 0.032928504049777985, 0.4539563059806824, 0.19965681433677673, 0.13754881918430328, 0.021161025390028954, 0.01965339295566082, 0.2229236662387848, 0.058620188385248184, 0.019829388707876205, 0.03278974071145058, 0.02475602924823761, 0.013946696184575558, 0.018030883744359016]
[0.45148512721061707, 0.29282453656196594, 0.16024069488048553, 0.07026351243257523, 0.010019405744969845, 0.831200122833252, 0.06624161452054977, 0.019774366170167923, 0.0014121849089860916, 0.0018447284819558263, 0.016750214621424675, 0.003826357191428542, 0.010016652755439281, 0.007216494996100664, 0.0036414754576981068, 0.0029953012708574533]
[0.7815921902656555, 0.11261775344610214, 0.027712849900126457, 0.6546530723571777, 0.3396819829940796, 0.10189386457204819, 0.005173492711037397, 0.00021490514336619526, 0.0002991442452184856, 0.008569654077291489, 0.0025076952297240496, 0.0004069300484843552, 0.0020968324970453978, 0.0025083892978727818, 0.00018006988102570176, 0.0003225050459150225]
[0.8568848371505737, 0.02790006250143051, 0.39002105593681335, 0.11195497214794159, 0.2626826763153076, 0.054222069680690765, 0.004931871313601732, 6.334096542559564e-05, 4.1401159251108766e-05, 0.001573852263391018, 0.0007665195735171437, 9.068333019968122e-05, 0.0009355248184874654, 0.0013092420995235443, 0.00010589859448373318, 7.805995119269937e-05]
[0.008333106525242329, 0.3952622413635254, 0.9477463364601135, 0.034215494990348816, 0.007311708759516478, 0.02816600538790226, 0.3015737235546112, 0.03460841625928879, 0.32624366879463196, 0.02145182527601719, 0.03536573797464371, 0.022434668615460396, 0.03359244763851166, 0.0076851132325828075, 0.013289459981024265, 0.014373504556715488]
[0.11347564309835434, 0.1521998792886734, 0.04309005290269852, 0.5342249870300293, 0.06142525374889374, 0.006763540208339691, 0.003788312431424856, 0.0010813334956765175, 0.00020040976232849061, 0.002650206908583641, 0.007645252626389265, 0.0017435952322557569, 0.0018887356854975224, 0.001189831760711968, 7.265820022439584e-05, 0.00010703035513870418]
[0.3547894060611725, 0.11071915179491043, 0.37712860107421875, 0.37401363253593445, 0.04764093458652496, 0.09171073883771896, 0.04005824774503708, 0.0036699767224490643, 0.023662764579057693, 0.01186618022620678, 0.005757349543273449, 0.0019150214502587914, 0.02066142112016678, 0.023253798484802246, 0.005282601807266474, 0.007259120233356953]
[0.9934402108192444, 0.9817964434623718, 0.021207541227340698, 0.0011121882125735283, 0.4758496582508087, 0.5274357199668884, 0.0034365947358310223, 0.004961590748280287, 4.296038605389185e-05, 0.006332719698548317, 0.016820751130580902, 0.0017767592798918486, 0.0023178858682513237, 0.0007178529631346464, 0.00019750169303733855, 0.00026918615913018584]
[0.6869397163391113, 0.4109571874141693, 0.976323664188385, 0.006815189495682716, 0.1773342490196228, 0.23865057528018951, 0.25759875774383545, 0.006683205254375935, 0.03735001012682915, 0.07869940996170044, 0.02695951983332634, 0.010055971331894398, 0.05151493474841118, 0.05201296508312225, 0.035061273723840714, 0.017309103161096573]
[0.9626413583755493, 0.04747821390628815, 0.9610380530357361, 0.007330415304750204, 0.889798641204834, 0.02156652882695198, 0.0721093937754631, 0.00015463752788491547, 0.015064235776662827, 0.11199523508548737, 0.0040016802959144115, 0.0009490601951256394, 0.006430439185351133, 0.02380204014480114, 0.0015226310351863503, 0.0014664563350379467]
[0.005410514306277037, 0.13367827236652374, 0.05619528889656067, 0.7660136818885803, 0.00767957279458642, 0.00472418824210763, 0.013876816257834435, 0.1040618047118187, 0.021396975964307785, 0.011881896294653416, 0.06914354860782623, 0.031469885259866714, 0.02345646359026432, 0.004696905147284269, 0.0021980907768011093, 0.0037163197994232178]
[0.0020393887534737587, 0.0007822805782780051, 0.042239148169755936, 0.979626476764679, 0.0001104339025914669, 0.004589502699673176, 0.0006372255156747997, 0.00010996765195159242, 0.00023037665232550353, 8.802070078672841e-05, 0.0002310850250069052, 4.318502760725096e-05, 0.0005285090883262455, 0.00043160500354133546, 2.4345215933863074e-05, 2.930438131443225e-05]
[0.004102751612663269, 0.06270558387041092, 0.984174907207489, 0.01420727837830782, 0.006052322220057249, 0.007040431722998619, 0.4761507213115692, 0.006612156517803669, 0.847476601600647, 0.05904190614819527, 0.0056535545736551285, 0.00272375182248652, 0.033694375306367874, 0.00303904851898551, 0.010990087874233723, 0.01834576204419136]
[0.6529638171195984, 0.4746573567390442, 0.6499766707420349, 0.15071633458137512, 0.055844079703092575, 0.2309306114912033, 0.06773070245981216, 0.0032983298879116774, 0.0038815236184746027, 0.010201300494372845, 0.008235852234065533, 0.0018064245814457536, 0.010302148759365082, 0.01631142571568489, 0.003305107355117798, 0.0024118872825056314]
[0.947358250617981, 0.5941318273544312, 0.13380476832389832, 0.0384855717420578, 0.2704562246799469, 0.6079689860343933, 0.015751134604215622, 0.0054069277830421925, 0.00039218328311108053, 0.004565643612295389, 0.012343404814600945, 0.002634119475260377, 0.00897801760584116, 0.014076227322220802, 0.0022237063385546207, 0.0021334693301469088]
[0.10586461424827576, 0.4332561194896698, 0.09120605140924454, 0.6167859435081482, 0.11424943059682846, 0.07881391048431396, 0.09937696903944016, 0.30843526124954224, 0.052195627242326736, 0.13639017939567566, 0.3891438841819763, 0.2843714654445648, 0.15362784266471863, 0.06515959650278091, 0.050485968589782715, 0.07257042080163956]
[0.00962814874947071, 0.17846548557281494, 0.5769283771514893, 0.38346776366233826, 0.014825261197984219, 0.004896380938589573, 0.03295411169528961, 0.03383122384548187, 0.044354502111673355, 0.033570293337106705, 0.04373498633503914, 0.01680419035255909, 0.019061187282204628, 0.007809398230165243, 0.0027727566193789244, 0.0050990344025194645]
[0.16703848540782928, 0.04606463015079498, 0.821132242679596, 0.3297092914581299, 0.2909306287765503, 0.006921043153852224, 0.10094168037176132, 0.00380057655274868, 0.03115929663181305, 0.05966196581721306, 0.0163110364228487, 0.006058406550437212, 0.027352692559361458, 0.019877100363373756, 0.005656817927956581, 0.006544043309986591]
[0.07816918939352036, 0.23829081654548645, 0.5027775764465332, 0.31894975900650024, 0.009388452395796776, 0.21051786839962006, 0.12381917983293533, 0.016480738297104836, 0.017000485211610794, 0.008186214603483677, 0.022207429632544518, 0.008268226869404316, 0.028369856998324394, 0.02350650168955326, 0.01323492731899023, 0.010677948594093323]
[0.2168883979320526, 0.17780429124832153, 0.991845428943634, 0.02672603540122509, 0.16940736770629883, 0.06691499799489975, 0.5797438025474548, 0.0032191548962146044, 0.16219057142734528, 0.12245175987482071, 0.01886751502752304, 0.010083269327878952, 0.04852471128106117, 0.05679095908999443, 0.05037622153759003, 0.03655447065830231]
[0.7765637636184692, 0.17455609142780304, 0.8099904656410217, 0.027737567201256752, 0.35622403025627136, 0.26602378487586975, 0.10795102268457413, 0.006291419733315706, 0.010833000764250755, 0.18305183947086334, 0.04999764636158943, 0.022300278767943382, 0.05650996044278145, 0.07082360982894897, 0.020442552864551544, 0.01618296280503273]
[0.04833943024277687, 0.13260526955127716, 0.029611315578222275, 0.6227108240127563, 0.007372139021754265, 0.02045765332877636, 0.003230844158679247, 0.004931555595248938, 0.0006937802536413074, 0.0006957656587474048, 0.002535016043111682, 0.00044633448123931885, 0.002477112924680114, 0.0017303734784945846, 0.000185884433449246, 0.00020320773182902485]
[0.0069317021407186985, 0.08572817593812943, 0.9942935109138489, 0.007796215359121561, 0.026963025331497192, 0.0013966270489618182, 0.1421428769826889, 0.0021893512457609177, 0.827251672744751, 0.13755366206169128, 0.004969750065356493, 0.0021277202758938074, 0.023410364985466003, 0.002879957901313901, 0.006058713421225548, 0.010269736871123314]
[0.011709491722285748, 0.0455426461994648, 0.9226913452148438, 0.08854104578495026, 0.009782781824469566, 0.02384403720498085, 0.5649702548980713, 0.0061796014197170734, 0.08322437107563019, 0.013099043630063534, 0.016938742250204086, 0.007079830393195152, 0.027349496260285378, 0.011818816885352135, 0.008731325156986713, 0.014168236404657364]
[0.0482032336294651, 0.04906665161252022, 0.9126790165901184, 0.16735181212425232, 0.02851080894470215, 0.00532646756619215, 0.11498101055622101, 0.0012812261702492833, 0.03682250902056694, 0.018784822896122932, 0.004405702464282513, 0.0015853982185944915, 0.020103273913264275, 0.008873501792550087, 0.0026514651253819466, 0.002513907616958022]
[0.9752069115638733, 0.0983271449804306, 0.016009680926799774, 0.15887048840522766, 0.9381079077720642, 0.05880032852292061, 0.0021986179053783417, 0.004086947999894619, 0.00021409994224086404, 0.10604123026132584, 0.05947376415133476, 0.009985738433897495, 0.009484907612204552, 0.014842020347714424, 0.0008513379143550992, 0.001724753063172102]
[0.009650485590100288, 0.18002553284168243, 0.7844842672348022, 0.17009060084819794, 0.023133639246225357, 0.012843962758779526, 0.3251113295555115, 0.1475856900215149, 0.46016979217529297, 0.11874409019947052, 0.1626240611076355, 0.12104767560958862, 0.21412941813468933, 0.028234319761395454, 0.04651709645986557, 0.07516839355230331]
[0.9286497235298157, 0.2443518042564392, 0.27265825867652893, 0.13727456331253052, 0.2842622399330139, 0.667755126953125, 0.058108795434236526, 0.004132627509534359, 0.0021582699846476316, 0.009427563287317753, 0.0127117820084095, 0.0027486924082040787, 0.012242509052157402, 0.02538727968931198, 0.0050533791072666645, 0.0036491842474788427]
[0.962890088558197, 0.18378596007823944, 0.18369218707084656, 0.1909283697605133, 0.8914801478385925, 0.3208174705505371, 0.07910959422588348, 0.0035747988149523735, 0.01058991625905037, 0.11146459728479385, 0.02883733995258808, 0.009463879279792309, 0.02433100901544094, 0.03318871185183525, 0.00790328998118639, 0.008947945199906826]
